      0/29     7.85G      4.62       136      1.35       142        32       512  0.000103         1  0.000181  0.000206      4.52       128      1.37
      1/29     7.86G      6.51        95      1.72       103        39       512  0.000227     0.637  0.000218  0.000453      4.46      38.2      1.36
      2/29     7.86G      6.55      36.7      1.75        45        33       512         0         0  0.000282         0      4.34      11.7      1.34
      3/29     7.86G      5.58      11.8      1.55        19        35       512         0         0  0.000282         0      4.34      11.7      1.34
      4/29     7.86G      6.79      7.97      1.74      16.5        31       512         0         0  0.000478         0      4.16       5.3      1.32
      5/29     7.86G      7.39      5.28      1.86      14.5        30       512         0         0  0.000838         0      3.91      3.66      1.31
      6/29     7.86G      6.04      4.35      1.57        12        37       512         0         0   0.00138         0      3.75      3.34      1.28
      7/29       11G      5.65      4.23      1.81      11.7        37       512         0         0   0.00138         0      3.75      3.33      1.28
      8/29       11G      5.68      4.33      1.76      11.8        34       512         0         0   0.00153         0       3.5      3.41      1.27
      9/29       11G      5.36      4.23      1.65      11.2        33       512         0         0   0.00186         0      3.32      3.61      1.25
     10/29       11G      6.56      4.49       2.1      13.1        32       512         0         0   0.00158         0      3.22      3.81      1.22
     11/29       11G         5      5.57      1.71      12.3        43       512         0         0   0.00158         0      3.22      3.81      1.22
     12/29       11G       4.1      5.21      1.34      10.6        34       512         0         0  0.000816         0      3.15      3.98      1.19
     13/29       11G      5.35      5.33      1.49      12.2        31       512         0         0         0         0      3.13      4.12      1.16
     14/29       11G      4.86      5.04       1.5      11.4        36       512         0         0         0         0      3.01      4.21      1.14
     15/29       11G         5      5.81      1.56      12.4        32       512         0         0         0         0      3.01      4.21      1.14
     16/29       11G      5.23      5.47      1.73      12.4        29       512         0         0         0         0      2.91      4.29      1.12
     17/29       11G      3.47      6.05      1.26      10.8        33       512         0         0         0         0      2.82      4.32      1.11
     18/29       11G      4.33      5.68      1.39      11.4        34       512         0         0         0         0      2.68      4.31      1.09
     19/29       11G      3.33      6.05      1.38      10.8        46       512         0         0         0         0      2.68      4.31      1.09
     20/29       11G       4.6       5.7      1.39      11.7        36       512         0         0   0.00464         0       2.6       4.3      1.07
     21/29       11G      4.81      5.42      1.35      11.6        28       512         0         0   0.00464         0      2.53      4.29      1.06
     22/29       11G      4.52      5.74      1.39      11.6        35       512         0         0   0.00891         0      2.51      4.26      1.05
     23/29       11G      3.49      5.77       1.2      10.5        31       512         0         0   0.00891         0      2.51      4.26      1.05
     24/29       11G      4.71      6.15      1.42      12.3        38       512         0         0    0.0139         0      2.44      4.25      1.05
     25/29       11G      5.42       5.3      1.72      12.4        29       512         0         0    0.0194         0      2.39      4.24      1.04
     26/29       11G      5.22      5.24      1.48      11.9        27       512         0         0    0.0299         0      2.35      4.23      1.03
     27/29       11G      5.09      4.69      1.49      11.3        26       512         0         0    0.0299         0      2.35      4.22      1.03
     28/29       11G      4.49      6.27      1.69      12.4        37       512         0         0    0.0622         0      2.34      4.21      1.03
     29/29       11G      3.82      5.15       1.4      10.4        30       512       0.5    0.0185    0.0912    0.0357      2.33       4.2      1.03
